A0 [[-1.05778244 -0.14639443 -1.44075093 ... -0.80438943 -0.02355917
   0.28618793]
 [ 1.28501123 -0.29787998  0.08854826 ...  0.26792231 -0.48531035
  -0.39668261]
 [ 1.11700248  3.14993257 -0.03537259 ...  0.3288096   0.3266635
  -0.68691902]
 ...
 [-0.35993912 -0.26385847 -0.49421527 ... -1.48127107  0.77086782
   0.04523205]
 [ 2.6884233  -2.912748    1.41512544 ...  0.78311605 -1.151394
   1.29279125]
 [-0.97301547  0.27052207 -0.69668413 ... -0.03226916 -1.23871313
  -0.35083973]]
A1 [[-1.02354708 -1.04121444 -1.04121444 ...  1.04104399 -1.0412144
   1.04121359]
 [ 1.04121444  1.04121444 -1.04058879 ... -1.04067333  1.04121444
  -1.04121296]
 [ 1.04121444  1.04121398  1.04121444 ...  1.04121444 -1.04112098
  -1.04076028]
 ...
 [ 1.04121444  1.04121444 -0.63180273 ... -1.04121444 -0.1117211
   1.04119387]
 [-0.54676274  1.04121444 -1.04121444 ... -1.04121444 -1.04121443
  -0.        ]
 [-0.97511512  1.04120869 -1.04121444 ... -1.04103557 -1.03940138
  -1.03297421]]
A2 [[-1.04121444  1.03813868 -1.04121444 ...  1.04121444 -1.04121444
   1.04121444]
 [-0.          1.04121444 -1.04121444 ...  1.02173061  1.04121444
  -1.04121444]
 [-1.04121439  1.04121444 -1.04121444 ... -0.99727789  1.0412136
  -0.81010731]
 ...
 [ 1.04121444  1.04121444  1.04121444 ...  0.52091791 -1.04121443
  -1.04121443]
 [-1.04121444 -1.04121444 -1.04121444 ... -1.04121444  1.04121444
   1.04121444]
 [-1.04121444 -1.04121443  1.04121444 ... -1.04118802 -1.04121407
   1.04121444]]
A3 [[-1.04121444 -1.04121444 -1.04098171 ...  1.04120946 -1.03397262
   1.04121444]
 [ 1.04121444  1.04121444  1.04121444 ... -1.04121444  1.00811929
   1.04121444]
 [-1.04121444  1.04121443  1.04121443 ... -1.04121444 -1.04121444
  -1.04121444]
 ...
 [ 1.04121414  1.04121435  1.04121444 ... -1.04121339 -1.04121444
  -1.04121444]
 [ 1.04121444 -1.04121444 -0.85218579 ...  1.04121444 -1.04121444
   1.0412144 ]
 [-1.03885212  0.         -1.04121444 ... -0.96410785 -1.04121444
   1.04121444]]
A4 [[ 1.04121444  1.04121444 -0.         ...  1.04121398  1.04121444
   1.04121444]
 [-1.04121444 -1.04121444 -1.04121444 ...  1.04121444  1.04121444
  -1.0412127 ]
 [-1.04121444  1.04121444 -1.04121444 ...  1.04121444  1.04121444
   1.04121444]
 ...
 [-0.14939487 -1.04121444  1.04121444 ...  1.04121444  1.04121444
  -1.04119986]
 [ 1.04121444  1.04121444 -1.04121444 ... -1.04121443  1.04121444
   1.04121444]
 [-1.03901564 -1.04121444  1.04121443 ... -1.03967002 -1.04121444
   0.96428502]]
A5 [[-1.04121444  1.04121444 -1.04121444 ... -1.04121444 -1.04113136
  -1.04121438]
 [ 1.04121444  1.04121444  1.04121444 ... -1.04121297 -0.94960252
  -1.04121443]
 [ 0.967659   -0.84365097 -0.40827413 ...  1.04121444  1.04121444
   1.04121444]
 ...
 [-1.04121436 -1.04121443  1.04121444 ... -1.04121444  1.04121444
   1.04121444]
 [-1.04121444 -1.04121444 -1.04121444 ...  1.03415375  1.04121402
  -1.04121441]
 [-1.00502768  1.04102487 -1.04121444 ...  1.04121444  1.04121417
  -1.04120933]]
A6 [[-0.83497166  1.04121444 -1.0404877  ... -1.04121444 -1.04121442
  -1.04121444]
 [ 1.04120375  1.04121437 -1.0411832  ... -1.04121444  1.04121444
  -1.04121444]
 [-1.04121444 -1.04121444  1.03788479 ...  1.04121444 -1.04121006
   0.91160844]
 ...
 [ 1.04121444  1.04121444  1.04121444 ...  1.04121443  1.04121444
  -1.04121444]
 [ 1.03948734  1.04121444  1.04121444 ... -1.04121444 -1.04121444
  -1.04121444]
 [ 1.04121444  1.04121443 -1.04121444 ...  1.04088672  1.04113258
  -1.04121444]]
A7 [[ 1.04121444 -1.04121444  1.04121444 ... -1.04121443 -1.04121444
   1.04121444]
 [ 0.71673049  0.62691245 -1.04121444 ... -0.54048015 -1.04121387
   1.04121444]
 [-1.04121444 -1.04121443  1.04121444 ... -1.04116993 -1.04121444
   1.04109367]
 ...
 [ 1.04121403 -1.04121444 -1.01578252 ...  1.04121444 -1.04121444
   1.04121444]
 [ 1.04121444 -1.04121444 -1.04121443 ...  1.0382256   0.
   1.04121444]
 [ 1.04121444  1.04121444  1.04121444 ... -1.04121444  1.04121444
  -1.04121444]]
A8 [[ 1.04121383 -1.03792955  1.04121443 ...  1.041096
...3180 more characters



A0 [[-1.05778244 -0.14639443 -1.44075093 ... -0.80438943 -0.02355917
   0.28618793]
 [ 1.28501123 -0.29787998  0.08854826 ...  0.26792231 -0.48531035
  -0.39668261]
 [ 1.11700248  3.14993257 -0.03537259 ...  0.3288096   0.3266635
  -0.68691902]
 ...
 [-0.35993912 -0.26385847 -0.49421527 ... -1.48127107  0.77086782
   0.04523205]
 [ 2.6884233  -2.912748    1.41512544 ...  0.78311605 -1.151394
   1.29279125]
 [-0.97301547  0.27052207 -0.69668413 ... -0.03226916 -1.23871313
  -0.35083973]]
A1 [[-1.02354708 -1.04121444 -1.04121444 ...  1.04104399 -1.0412144
   1.04121359]
 [ 1.04121444  1.04121444 -1.04058879 ... -1.04067333  1.04121444
  -1.04121296]
 [ 1.04121444  1.04121398  1.04121444 ...  1.04121444 -1.04112098
  -1.04076028]
 ...
 [ 1.04121444  1.04121444 -0.63180273 ... -1.04121444 -0.1117211
   1.04119387]
 [-0.54676274  1.04121444 -1.04121444 ... -1.04121444 -1.04121443
  -0.        ]
 [-0.97511512  1.04120869 -1.04121444 ... -1.04103557 -1.03940138
  -1.03297421]]
A2 [[-1.04121444  1.03813868 -1.04121444 ...  1.04121444 -1.04121444
   1.04121444]
 [-0.          1.04121444 -1.04121444 ...  1.02173061  1.04121444
  -1.04121444]
 [-1.04121439  1.04121444 -1.04121444 ... -0.99727789  1.0412136
  -0.81010731]
 ...
 [ 1.04121444  1.04121444  1.04121444 ...  0.52091791 -1.04121443
  -1.04121443]
 [-1.04121444 -1.04121444 -1.04121444 ... -1.04121444  1.04121444
   1.04121444]
 [-1.04121444 -1.04121443  1.04121444 ... -1.04118802 -1.04121407
   1.04121444]]
A3 [[-1.04121444 -1.04121444 -1.04098171 ...  1.04120946 -1.03397262
   1.04121444]
 [ 1.04121444  1.04121444  1.04121444 ... -1.04121444  1.00811929
   1.04121444]
 [-1.04121444  1.04121443  1.04121443 ... -1.04121444 -1.04121444
  -1.04121444]
 ...
 [ 1.04121414  1.04121435  1.04121444 ... -1.04121339 -1.04121444
  -1.04121444]
 [ 1.04121444 -1.04121444 -0.85218579 ...  1.04121444 -1.04121444
   1.0412144 ]
 [-1.03885212  0.         -1.04121444 ... -0.96410785 -1.04121444
   1.04121444]]
A4 [[ 1.04121444  1.04121444 -0.         ...  1.04121398  1.04121444
   1.04121444]
 [-1.04121444 -1.04121444 -1.04121444 ...  1.04121444  1.04121444
  -1.0412127 ]
 [-1.04121444  1.04121444 -1.04121444 ...  1.04121444  1.04121444
   1.04121444]
 ...
 [-0.14939487 -1.04121444  1.04121444 ...  1.04121444  1.04121444
  -1.04119986]
 [ 1.04121444  1.04121444 -1.04121444 ... -1.04121443  1.04121444
   1.04121444]
 [-1.03901564 -1.04121444  1.04121443 ... -1.03967002 -1.04121444
   0.96428502]]
A5 [[-1.04121444  1.04121444 -1.04121444 ... -1.04121444 -1.04113136
  -1.04121438]
 [ 1.04121444  1.04121444  1.04121444 ... -1.04121297 -0.94960252
  -1.04121443]
 [ 0.967659   -0.84365097 -0.40827413 ...  1.04121444  1.04121444
   1.04121444]
 ...
 [-1.04121436 -1.04121443  1.04121444 ... -1.04121444  1.04121444
   1.04121444]
 [-1.04121444 -1.04121444 -1.04121444 ...  1.03415375  1.04121402
  -1.04121441]
 [-1.00502768  1.04102487 -1.04121444 ...  1.04121444  1.04121417
  -1.04120933]]
A6 [[-0.83497166  1.04121444 -1.0404877  ... -1.04121444 -1.04121442
  -1.04121444]
 [ 1.04120375  1.04121437 -1.0411832  ... -1.04121444  1.04121444
  -1.04121444]
 [-1.04121444 -1.04121444  1.03788479 ...  1.04121444 -1.04121006
   0.91160844]
 ...
 [ 1.04121444  1.04121444  1.04121444 ...  1.04121443  1.04121444
  -1.04121444]
 [ 1.03948734  1.04121444  1.04121444 ... -1.04121444 -1.04121444
  -1.04121444]
 [ 1.04121444  1.04121443 -1.04121444 ...  1.04088672  1.04113258
  -1.04121444]]
A7 [[ 1.04121444 -1.04121444  1.04121444 ... -1.04121443 -1.04121444
   1.04121444]
 [ 0.71673049  0.62691245 -1.04121444 ... -0.54048015 -1.04121387
   1.04121444]
 [-1.04121444 -1.04121443  1.04121444 ... -1.04116993 -1.04121444
   1.04109367]
 ...
 [ 1.04121403 -1.04121444 -1.01578252 ...  1.04121444 -1.04121444
   1.04121444]
 [ 1.04121444 -1.04121444 -1.04121443 ...  1.0382256   0.
   1.04121444]
 [ 1.04121444  1.04121444  1.04121444 ... -1.04121444  1.04121444
  -1.04121444]]
A8 [[ 1.04121383 -1.03792955  1.04121443 ...  1.041096
...2028 more characters
